last_best_solution_function_value = 24001266975.144558
last_best_solution_integer_gene = []
last_best_solution_float_gene = [0.686085134931907; 0.5697906335949197; 0.6992310474711703; 0.6797016716820898; 0.5110544424636954; 0.7678731326473752; 0.7372461246001706; 0.5042882852199082; 0.7543359267807659; 0.7283810121658179; 0.708047565767177; 0.9393568350921061; 0.8116829111015104; 0.7758621040722397; 0.7573285227835379; 0.9966879764742896; 0.8173779550546905; 0.7850186353486701; 0.6858509577243699; 0.7326248110248972; 0.8549404975521354; 0.6391351096985854; 0.8868036238332438; 0.7352713076335032; 0.7873906897148663; 0.7044223205588467; 0.6377022261753689; 0.6156587042841515; 0.7793193064298932; 0.8543319057196164; 0.778467079275041; 0.8788485951011211; 0.6626555043483693; 0.7981081651469025; 0.6670575764266299; 0.7613849625013895; 0.6044223283480287; 0.7173507136607126; 0.6848285571773044; 0.7547226063572285; 0.5173047648747479; 0.8007380062671382; 0.8013914901455925; 0.7839579840743696; 0.857621188554339; 0.9406932584710141; 0.7281610930398732; 0.7191496330604358; 0.7966444646701167; 0.631354290023673; 0.6174892302522854; 0.6530747971630435; 0.7513274736870017; 0.5459403357696435; 1.0286280839629158; 0.5456022854975148; 0.7949656535695295; 0.6360000628084683; 0.8396845235609404; 0.8156797122083506; 0.8235673459901254; 0.5892636778579967; 0.8725278077391614; 0.6168186344727519; 0.9774066324762357; 0.7131135374368706; 0.6424260899731509; 0.7620278490974075; 0.5646745007284929; 0.5843573508819367; 0.856246045270278; 0.707792948399318]
