last_best_solution_function_value = 16001614658.671534
last_best_solution_integer_gene = []
last_best_solution_float_gene = [0.7752931579639115; 0.7623499352704199; 0.8175010382320519; 0.7723201315173859; 0.9098868840408483; 0.8125319233004242; 0.7743792735841333; 0.8802231923669568; 0.9193927942633975; 0.9513481406021747; 0.7692573950839218; 0.9350902355578727; 0.7218361920023559; 0.7767330924755349; 0.7842338765950111; 0.885958871940503; 0.5326702127087074; 0.5563880472021867; 0.8098535022154211; 0.7847226049201261; 0.9577976735873426; 0.7387482801547066; 0.9318787450833941; 0.7254632689230942; 0.7955278074710033; 0.6858695526111835; 0.775105532836237; 0.851009681436268; 0.5805944174259261; 0.7177247022108462; 0.6613988195200265; 0.9390237979261834; 0.7834873802422305; 0.7764196408710095; 0.7131638384645539; 0.7271901593006432; 0.8043556287579973; 0.5776702577979111; 0.616930230017738; 0.6185525819829691; 0.734839405675662; 0.6632303677204637; 0.8365844837366384; 0.6815172516562723; 0.5683360406002815; 0.6656513110734072; 0.47205082892193073; 0.6384189738939167; 0.8541941972074787; 0.6929222174016625; 0.8075306553992475; 0.8018210124476579; 0.46196763633703725; 0.7917177435545707; 0.930031128053882; 0.8566792618886979; 0.6733060752081766; 0.9525513380240611; 0.7644996453433733; 0.9966347657826731; 0.7874859542211717; 0.9179238593638493; 0.7967900558518732; 0.9106362998312545; 0.5885163581344267; 0.7439828215058284; 0.7138855133512118; 0.7990064495779776; 0.6178550112006529; 0.8314522349714264; 1; 0.7404225615535353]
