last_best_solution_function_value = 456217.2220728949
last_best_solution_integer_gene = []
last_best_solution_float_gene = [0.7752931579639115; 0.7623499352704199; 0.8175010382320519; 0.7723201315173859; 1; 0.8125319233004242; 0.7743792735841333; 0.7286543282287237; 0.9618025746410954; 0.7187045939841052; 0.7692573950839218; 0.9356097457369693; 0.7218361920023559; 0.744381519071865; 0.7230981747544166; 0.9966879764742896; 0.8173779550546905; 0.8091127596123142; 0.8185391875998573; 0.7043447991135583; 0.8876993521339273; 0.8113877738260037; 0.7992365220233398; 0.8053670669995463; 0.7618547671000954; 0.6900687109723355; 0.5852402847156787; 0.7043550366672535; 0.7228261189573233; 0.6701521648699721; 0.7376950497335785; 0.7193989772061253; 0.9514698676424251; 0.7495824230326356; 0.7746980163562376; 0.7197278722431283; 0.8056243466093329; 0.6531840057857378; 0.7269172405224413; 0.7818124186262287; 0.7942799788671914; 0.6331069446457999; 0.602457957167368; 0.7337930986025113; 0.650358243981354; 0.7308549932189837; 0.6872735321828709; 0.6464848255669319; 0.7680328216857315; 0.7033420083761499; 0.6146996351689943; 0.7532580583974691; 0.748923893443469; 0.7917177435545707; 0.930031128053882; 0.8566792618886979; 0.7231584517430298; 1; 0.884321569647206; 0.9966347657826731; 0.7874859542211717; 0.9971967060748449; 0.7967900558518732; 0.787179747590041; 0.7043864164851115; 0.7228538521427389; 0.7310460148624528; 0.7047957938168069; 1.0557492741868988; 0.7476678845362358; 0.8834762476549534; 0.804835513941112]
