last_best_solution_function_value = 24002381552.366875
last_best_solution_integer_gene = []
last_best_solution_float_gene = [0.770587988270554; 0.7373316126588455; 0.8473926684243414; 0.7482732816711325; 1; 0.5310678420029933; 0.868991456349147; 0.7374030701028147; 0.8623156256155154; 0.9138144292529526; 0.7386739116553142; 0.8708319824215378; 0.805456047615188; 0.8459092455213277; 0.8142233711964693; 1.0712116800295381; 0.5131971784224385; 0.8228162328321936; 0.8185391875998573; 0.5412865728018621; 0.9617980521259587; 0.8113877738260037; 0.7992365220233398; 0.8053670669995463; 0.6689658086344299; 0.8498024359462261; 0.6665829842443681; 0.7851178321903954; 0.6184952624944466; 0.8153736989807464; 0.70280143183389; 0.5605861957349525; 0.6323768773821861; 0.5898416195182796; 0.8581592206975591; 0.7311998510862296; 0.9105540611734614; 0.8144688418623671; 0.7090647011078555; 0.5708156271335778; 0.8241146952176711; 0.7111858776314545; 0.7106745470031026; 0.6541704103106115; 0.6433840677854648; 0.6782399933013956; 0.5774777717829324; 0.5070148143555798; 0.7660126069436527; 0.720051264290094; 0.6906436768994568; 0.8996993093545687; 0.9398740365750773; 0.7511897331031997; 0.6851739099361893; 0.7734083346393146; 0.8253220076509225; 0.7597150312175263; 0.6306067903303676; 0.7659960691692185; 0.9244566915858535; 0.7586203317474227; 0.8755278908214548; 0.8692814558959796; 0.9069333460581169; 0.8258823509170719; 0.6401647350644778; 0.7745727878835605; 0.5125418837939799; 0.594894414150406; 0.5889939530055774; 0.5362619915720923]
