last_best_solution_function_value = 306312.65219667077
last_best_solution_integer_gene = []
last_best_solution_float_gene = [0.7752931579639115; 0.7623499352704199; 0.8175010382320519; 0.8635870815420811; 0.8960002444625635; 0.8125319233004242; 0.7969708747445879; 0.7286543282287237; 0.8978422458213496; 0.7187045939841052; 0.7692573950839218; 0.9356097457369693; 0.7218361920023559; 0.744381519071865; 0.7492229943489777; 0.9068774398844117; 0.8173779550546905; 0.7622886024517008; 0.8185391875998573; 0.7043447991135583; 0.8118845197265033; 0.8113877738260037; 0.7992365220233398; 0.8053670669995463; 0.7618547671000954; 0.6900687109723355; 0.5852402847156787; 0.7043550366672535; 0.7228261189573233; 0.6701521648699721; 0.7376950497335785; 0.7193989772061253; 0.9514698676424251; 0.7495824230326356; 0.7746980163562376; 0.7197278722431283; 0.8056243466093329; 0.6531840057857378; 0.7269172405224413; 0.7818124186262287; 0.7942799788671914; 0.6331069446457999; 0.602457957167368; 0.7337930986025113; 0.650358243981354; 0.7308549932189837; 0.6872735321828709; 0.6464848255669319; 0.7680328216857315; 0.7033420083761499; 0.6146996351689943; 0.7532580583974691; 0.748923893443469; 0.7917177435545707; 0.930031128053882; 0.8566792618886979; 0.7231584517430298; 1; 0.884321569647206; 0.9223661243666217; 0.6878579833480455; 1.0898100002383346; 0.9438119078272363; 0.7606988575734538; 0.6918233547704491; 0.8337365341982053; 0.8419465995150828; 0.72779521577037; 0.9297786244075594; 0.8818343241483394; 0.8733404976241019; 0.6979248943417086]
