last_best_solution_function_value = 16000969215.184837
last_best_solution_integer_gene = []
last_best_solution_float_gene = [0.770587988270554; 0.7890051946392032; 0.8866302075833922; 0.7482732816711325; 0.8491175939094158; 0.5310678420029933; 0.868991456349147; 0.840100695801893; 0.8321887273507046; 0.7729848882867748; 0.7386739116553142; 0.8708319824215378; 0.805456047615188; 0.8459092455213277; 0.8142233711964693; 1.0539907058213362; 0.5131896737310186; 0.8228162328321936; 0.8185391875998573; 0.7043447991135583; 0.8118845197265033; 0.7101420152402108; 0.7992365220233398; 0.8053670669995463; 0.6119228939359754; 0.6692052145132696; 0.5082444688742079; 0.7043550366672535; 0.7228261189573233; 0.6787171203613132; 0.60042459042824; 0.7623572859763755; 0.7521697819873572; 0.9643938739632979; 0.8269825570403968; 0.7197278722431283; 0.8301221210582105; 0.6388743361642903; 0.8496371166578945; 0.7469706057702976; 0.7155360594611171; 0.8921508425301491; 0.6938410071473449; 0.667254230694879; 0.6932369297420133; 0.7308549932189837; 0.6872735321828709; 0.6464848255669319; 0.7422173074783706; 0.6217380287733496; 0.8004825373873653; 0.7532580583974691; 0.748923893443469; 0.6104122328350203; 0.5593474847156658; 0.9756361513891579; 0.8282686971397164; 0.78403552980601; 0.7045624959959489; 0.6674967641390985; 0.6111755209950203; 0.5856917950103614; 0.8040118037933546; 0.6043670276786286; 0.8785036600035501; 0.8327900489386866; 0.6805833519428178; 0.9006827849154867; 0.5412994795717938; 1.025092036193284; 0.8085197689268285; 0.7305529545288549]
