last_best_solution_function_value = 28000238613.551323
last_best_solution_integer_gene = []
last_best_solution_float_gene = [0.8649623870882214; 0.8626470398806264; 0.9803940768215111; 0.6067523217273492; 0.7326079653250437; 0.9668246455810274; 0.8579288145793063; 0.9254179948519479; 0.5110610604782554; 0.7296960162897734; 0.7691171702017789; 0.7773597286433195; 0.5843491841016235; 0.834386526924263; 0.8119323365747858; 0.7931061069744556; 0.9007846148931439; 0.8818152635225155; 0.8275638141647209; 0.7324452169348599; 0.9687007497466411; 0.8493402044292933; 0.7951465728149341; 0.7683381249662686; 0.8045695890014392; 0.6076126416554839; 0.7637979225125753; 0.6181631831374697; 0.7083286041503787; 0.7767485563350528; 0.7074433843569754; 0.797354834654812; 0.8513935526127084; 0.7291271031170199; 0.8084159622336667; 0.8536141722682141; 1; 0.751312733398342; 0.6330380334780631; 0.8002721070495056; 0.6463224752199974; 0.6992414665708191; 0.6109195782647334; 0.7826982646994091; 0.6897700608869677; 0.7808312484261622; 0.7064110017239763; 0.7730142601993626; 0.7364529262165702; 0.5798207916266123; 0.8877340289675738; 0.7021466228221424; 0.7265364374399848; 0.5674607257436994; 0.8583796486472439; 0.7302364691054009; 0.7494044748650038; 0.8097631557692712; 0.7709273445293773; 0.8666806671159123; 0.8683021343154428; 0.6167893971932809; 0.9532021678344813; 0.7815970284850862; 0.970264971450016; 0.6997256877041673; 0.6863628619994058; 0.5963259482553216; 0.7563004603308746; 0.9510752843973983; 0.9867348344641536; 0.6545369407347965]
