last_best_solution_function_value = 4000812046.355286
last_best_solution_integer_gene = []
last_best_solution_float_gene = [0.7752931579639115; 0.8325202497516115; 0.8175010382320519; 0.7779985555968881; 0.9098868840408483; 0.8267872555077893; 0.7743792735841333; 0.9411168098599634; 0.9584870576943554; 0.8653679169210468; 0.8695069387993299; 0.9350902355578727; 0.8755475927658841; 1; 0.754679008785619; 0.9966879764742896; 0.8173779550546905; 0.9013074826034944; 0.8185391875998573; 0.7043447991135583; 0.8118845197265033; 0.8113877738260037; 0.7992365220233398; 0.8053670669995463; 0.7618547671000954; 0.6900687109723355; 0.5852402847156787; 0.7043550366672535; 0.7228261189573233; 0.5970096568957641; 0.7376950497335785; 0.7413079341071933; 0.8238770103819466; 0.7383594530181279; 0.678689636573482; 0.7782547794053608; 0.8056243466093329; 0.6531840057857378; 0.6075291789990821; 0.7818124186262287; 0.7684444719083099; 0.6331069446457999; 0.6613118077144898; 0.7759708374723808; 0.6820871798903148; 0.8155884466261204; 0.6872735321828709; 0.7129252499696898; 0.7680328216857315; 0.5259455889621365; 0.6146996351689943; 0.7173282195754375; 0.748923893443469; 0.6191516043495218; 0.6758783466074314; 0.8566792618886979; 0.6733060752081766; 0.9525513380240611; 0.884321569647206; 0.9966347657826731; 0.7874859542211717; 0.9179238593638493; 0.7967900558518732; 0.9106362998312545; 0.6726440786318629; 0.7228538521427389; 0.6738215547476748; 0.7047957938168069; 0.6178550112006529; 0.8314522349714264; 0.8834762476549534; 0.7404225615535353]
