last_best_solution_function_value = 1023587.1491055298
last_best_solution_integer_gene = []
last_best_solution_float_gene = [0.8272016433748103; 0.7623499352704199; 0.8175010382320519; 0.7723201315173859; 0.9313613962326347; 0.8125319233004242; 0.7743792735841333; 0.7286543282287237; 0.9193927942633975; 0.7187045939841052; 0.7692573950839218; 0.9350902355578727; 0.7218361920023559; 0.744381519071865; 0.7573285227835379; 1; 0.8173779550546905; 0.8228162328321936; 0.7030657567798805; 0.7043447991135583; 0.9453510782649994; 0.8113877738260037; 0.7992365220233398; 0.8053670669995463; 0.7618547671000954; 0.561500423315114; 0.5852402847156787; 0.7043550366672535; 0.7228261189573233; 0.5970096568957641; 0.7376950497335785; 0.5946003498363708; 0.76734004773357; 0.7383594530181279; 0.7449284794943876; 0.7197278722431283; 0.693802059321019; 0.6531840057857378; 0.6075291789990821; 0.7818124186262287; 0.7942799788671914; 0.5852391180561621; 0.602457957167368; 0.6693267592343903; 0.6820871798903148; 0.7308549932189837; 0.6872735321828709; 0.6464848255669319; 0.7680328216857315; 0.5259455889621365; 0.6146996351689943; 0.7532580583974691; 0.748923893443469; 0.7917177435545707; 0.930031128053882; 0.8566792618886979; 0.6733060752081766; 0.9525513380240611; 0.884321569647206; 0.8600535447374906; 0.9064593295918946; 0.9179238593638493; 0.7967900558518732; 1; 0.6726440786318629; 0.7228538521427389; 0.6738215547476748; 0.7047957938168069; 0.7224662211684083; 0.8314522349714264; 0.8834762476549534; 0.7404225615535353]
