last_best_solution_function_value = 16001567658.90761
last_best_solution_integer_gene = []
last_best_solution_float_gene = [0.770587988270554; 0.7890051946392032; 0.8866302075833922; 0.7482732816711325; 0.8491175939094158; 0.5310678420029933; 0.868991456349147; 0.840100695801893; 0.8321887273507046; 0.9138144292529526; 0.7386739116553142; 0.8708319824215378; 0.805456047615188; 0.8852120906303872; 0.730694185703682; 1.0539907058213362; 0.5131896737310186; 0.8228162328321936; 0.8185391875998573; 0.7043447991135583; 0.8118845197265033; 0.8113877738260037; 0.7992365220233398; 0.8053670669995463; 0.6119228939359754; 0.6786991198879494; 0.5082444688742079; 0.7043550366672535; 0.7228261189573233; 0.6787171203613132; 0.60042459042824; 0.7623572859763755; 0.7521697819873572; 1; 0.7176656368647096; 0.7197278722431283; 0.8301221210582105; 0.6388743361642903; 0.8496371166578945; 0.6060699806804973; 0.7155360594611171; 0.8921508425301491; 0.5524174681980482; 0.667254230694879; 0.8532740862478092; 0.7308549932189837; 0.6872735321828709; 0.6464848255669319; 0.7422173074783706; 0.6098805725653237; 0.8004825373873653; 0.7532580583974691; 0.748923893443469; 0.6104122328350203; 0.5593474847156658; 0.8360427958916541; 0.9018562438524658; 0.8540932695867401; 0.6676033036783346; 0.6674967641390985; 0.6111755209950203; 0.672686841571007; 0.7055888214602449; 0.6950554193563977; 0.8450990154698421; 0.9862126961989075; 0.5711529017674233; 0.5753829141623805; 0.7688404862371858; 0.7054894183877034; 0.7217963832479799; 0.8947718653443528]
