last_best_solution_function_value = 3591493.2470703125
last_best_solution_integer_gene = []
last_best_solution_float_gene = [0.8569735368569452; 0.8935566547753339; 0.9431944861329227; 0.9244603678544548; 0.8892877018505991; 0.9111326144295318; 0.7176078509286635; 0.7055810428042707; 0.9026067958551116; 0.911093236968622; 0.8664750610657979; 0.9209583702370271; 0.839503256616783; 0.8953483789347276; 0.9795187938983763; 0.7928793720250811; 0.8472520380982674; 0.9522068134642996; 0.8967654866783846; 0.7580720682018672; 0.7272584897148825; 0.8552984865208086; 0.9531732624541163; 0.88979193341932; 0.6912501402443577; 0.6913659685072622; 0.6860013408715718; 0.6747443572334954; 0.6769794688374117; 0.6801543277035554; 0.69898570214114; 0.8155286144881878; 0.8571882873096084; 0.8602923455336617; 0.8106061074001634; 0.7623073589053118; 0.75784217147255; 0.7573310164937722; 0.726473222470575; 0.7516811904914981; 0.7208295080177286; 0.6925085934180327; 0.745794365511093; 0.7732565832850284; 0.7540008078748744; 0.7432045412538404; 0.6908813219943821; 0.6756227955216626; 0.7600900670556594; 0.7164111084329537; 0.75565690766702; 0.7124945900632178; 0.7161213239080534; 0.7516169333750825; 0.7618696514337101; 0.7257861294062782; 0.7364981657613651; 0.800992509675107; 0.846104607439176; 0.9023945712064521; 0.8429618911191066; 0.8385854047435523; 0.9422982849785332; 0.7615459717745273; 0.8224686164743082; 0.8925901215903846; 0.7457063013110274; 0.7577255682551827; 0.7355107273293753; 0.9121390199354102; 0.994127377824674; 0.9016975948827]
