last_best_solution_function_value = 60013223736.174515
last_best_solution_integer_gene = []
last_best_solution_float_gene = [0.8817435935304128; 0.7349102415091568; 0.6734462176856165; 0.7299867134224358; 0.5476323432018665; 0.6382752697332181; 0.7810120484924412; 0.7474699875305398; 0.5938369003811965; 0.8446926701148179; 0.7687016412357632; 0.5258709612084889; 0.6120974883862591; 0.797443846627899; 0.5817925404160289; 0.5610886587566373; 0.6536672596008841; 0.8958897394733221; 0.6890861736848471; 0.9711027060903847; 0.6040273249921282; 0.9249069431029096; 0.6903765501660708; 0.567412824987878; 0.938011054464613; 0.8168402851524852; 0.6270772526142399; 0.9992941564374337; 0.8990604328632007; 0.5530754023456431; 0.7260947683443268; 0.5242252296036465; 0.9284809615396907; 0.819850844544583; 0.7697509191793565; 0.6285525968787259; 0.6276074349799909; 0.5569734404025488; 0.847935670475554; 0.7126533072556215; 0.7781779817512975; 0.5614822959687089; 0.5238197141577026; 0.6890433857170728; 0.8281185902973462; 0.5049801376416743; 0.5617330155212255; 0.8737918600786523; 0.7707313647729555; 0.6016015268128657; 0.7453362728446091; 0.9892278666150687; 0.8542009539402223; 0.723898762253218; 0.6724983500975192; 0.749511448219394; 0.6620664460276653; 0.7951163835687585; 0.9212369956845683; 0.8050692639801951; 0.5572157409903951; 0.7575818009695765; 0.682521254075628; 0.7098681411943948; 0.8379688937084162; 0.9684693768824264; 0.7600588230843782; 0.9925651396674815; 0.6523443834579048; 0.9286592907625875; 0.6317850173599253; 0.9884170239401162]
