last_best_solution_function_value = 8001748488.031689
last_best_solution_integer_gene = []
last_best_solution_float_gene = [0.7752931579639115; 0.8284641560804294; 0.8175010382320519; 0.7723201315173859; 0.9098868840408483; 0.8125319233004242; 0.8249191652244371; 0.759377998610488; 0.9193927942633975; 0.7858525131881892; 0.7692573950839218; 0.9350902355578727; 0.7218361920023559; 0.7222604622730278; 0.7573285227835379; 0.9966879764742896; 0.8173779550546905; 0.7079151950570848; 0.6858509577243699; 0.7326248110248972; 0.9577976735873426; 0.7387482801547066; 0.9318787450833941; 0.7696252561683836; 0.7955278074710033; 0.6661328383980725; 0.775105532836237; 0.851009681436268; 0.5805944174259261; 0.7177247022108462; 0.6613988195200265; 0.9390237979261834; 0.7834873802422305; 0.7764196408710095; 0.7131638384645539; 0.7271901593006432; 0.8043556287579973; 0.5776702577979111; 0.616930230017738; 0.6185525819829691; 0.734839405675662; 0.6632303677204637; 0.9452617192665751; 0.6815172516562723; 0.6139929591006297; 0.6148858020662546; 0.5; 0.6384189738939167; 0.8541941972074787; 0.6929222174016625; 0.8075306553992475; 0.8018210124476579; 0.5707031196263955; 0.7917177435545707; 0.930031128053882; 0.8566792618886979; 0.6733060752081766; 0.9525513380240611; 0.884321569647206; 0.9966347657826731; 0.7874859542211717; 0.9179238593638493; 0.7967900558518732; 0.9106362998312545; 0.5885163581344267; 0.7228538521427389; 0.6738215547476748; 0.7047957938168069; 0.6178550112006529; 0.8314522349714264; 1; 0.7404225615535353]
