last_best_solution_function_value = 190225.47806661742
last_best_solution_integer_gene = []
last_best_solution_float_gene = [0.7752931579639115; 0.7623499352704199; 0.8175010382320519; 0.8005584449931276; 0.7508943820298304; 0.8125319233004242; 0.7098318978517636; 0.7286543282287237; 0.8978422458213496; 0.7187045939841052; 0.7692573950839218; 0.9356097457369693; 0.7218361920023559; 0.8386986124627667; 0.7573285227835379; 0.773062328279283; 0.8359404728984572; 0.9383422924624255; 0.8185391875998573; 0.7043447991135583; 0.7086542571796597; 0.8113877738260037; 0.7992365220233398; 0.8000824785246321; 0.7618547671000954; 0.6900687109723355; 0.5852402847156787; 0.7043550366672535; 0.7228261189573233; 0.6831185795738282; 0.7376950497335785; 0.7193989772061253; 0.9514698676424251; 0.7495824230326356; 0.7746980163562376; 0.7197278722431283; 0.8056243466093329; 0.7162248200604526; 0.7269172405224413; 0.7818124186262287; 0.7942799788671914; 0.6331069446457999; 0.6702060862712249; 0.7337930986025113; 0.650358243981354; 0.7308549932189837; 0.6872735321828709; 0.6464848255669319; 0.7680328216857315; 0.7033420083761499; 0.6146996351689943; 0.7532580583974691; 0.748923893443469; 0.7917177435545707; 0.930031128053882; 0.8566792618886979; 0.7231584517430298; 1; 0.8656041177552583; 0.9428820949342258; 0.8553194764138015; 1.0577063207184836; 0.8879103040305696; 0.7135700505791; 0.665221310812552; 1.1278915356698378; 0.8646384970761433; 0.7685187644703679; 1; 0.8687602381250717; 0.8490922975999431; 0.6979248943417086]
