last_best_solution_function_value = 20001744664.44243
last_best_solution_integer_gene = []
last_best_solution_float_gene = [0.686085134931907; 0.5697906335949197; 0.6992310474711703; 0.6797016716820898; 0.5110544424636954; 0.7678731326473752; 0.7372461246001706; 0.5042882852199082; 0.7543359267807659; 0.7283810121658179; 0.708047565767177; 0.9393568350921061; 0.8116829111015104; 0.7222604622730278; 0.8837490545211544; 0.9966879764742896; 0.9292788299414498; 0.7850186353486701; 0.6858509577243699; 0.7326248110248972; 0.8549404975521354; 0.7029472520063801; 0.9050424771840173; 0.7352713076335032; 0.6636600438825344; 0.4523665737384156; 0.5664707247657521; 0.5023134615184457; 0.7916536385529208; 0.7522255381926807; 0.7705126932598199; 0.6793238906057092; 0.8228007565989393; 0.7189129557008401; 0.6188157102474303; 0.7051535060583992; 0.8385820911976806; 0.7286218197672593; 0.7772274909967385; 0.607847089764779; 0.7435322638238108; 0.6820969798483211; 0.7645463674836283; 0.7464679271616749; 0.7020679716605785; 0.6324748532687838; 0.7747244859783573; 0.8538666687098038; 0.7802174042571419; 0.6860220270495934; 0.8959529224025922; 0.7530991696403475; 0.6644987061227814; 0.8299382001518626; 0.7148062141331455; 0.6488057070665869; 0.8047368531858328; 0.750099862444706; 0.5982987453980073; 0.5540406343178367; 0.6968473575213321; 0.672686841571007; 0.7055888214602449; 0.6950554193563977; 0.8450990154698421; 0.9862126961989075; 0.5711529017674233; 0.5753829141623805; 0.7688404862371858; 0.7054894183877034; 0.7217963832479799; 0.8947718653443528]
