last_best_solution_function_value = 873817.4745979855
last_best_solution_integer_gene = []
last_best_solution_float_gene = [0.7752931579639115; 0.6954965583227953; 0.8175010382320519; 0.7723201315173859; 0.8960002444625635; 0.8125319233004242; 0.8885681903206264; 0.7286543282287237; 0.9193927942633975; 0.7187045939841052; 0.7692573950839218; 0.9350902355578727; 0.7218361920023559; 0.744381519071865; 0.7573285227835379; 0.9966879764742896; 0.8173779550546905; 0.8228162328321936; 0.818251620431243; 0.7043447991135583; 0.7814607190064689; 0.8113877738260037; 0.7935248913725682; 0.8053670669995463; 0.7618547671000954; 0.6900687109723355; 0.5852402847156787; 0.7043550366672535; 0.7228261189573233; 0.5970096568957641; 0.7376950497335785; 0.5946003498363708; 0.76734004773357; 0.7383594530181279; 0.7449284794943876; 0.7197278722431283; 0.87005285671694; 0.6531840057857378; 0.6075291789990821; 0.7818124186262287; 0.7942799788671914; 0.5852391180561621; 0.602457957167368; 0.7759708374723808; 0.6820871798903148; 0.7308549932189837; 0.6872735321828709; 0.6464848255669319; 0.7680328216857315; 0.7033420083761499; 0.6146996351689943; 0.7532580583974691; 0.748923893443469; 0.7917177435545707; 0.930031128053882; 0.8566792618886979; 0.7231584517430298; 1; 0.884321569647206; 0.9966347657826731; 0.7874859542211717; 0.9971967060748449; 0.7967900558518732; 0.787179747590041; 0.7043864164851115; 0.7228538521427389; 0.6738215547476748; 0.7047957938168069; 0.6178550112006529; 0.8314522349714264; 0.8834762476549534; 0.7827457478138217]
