last_best_solution_function_value = 1978.5617531894445
last_best_solution_integer_gene = []
last_best_solution_float_gene = [0.7065721947446154; 0.6837445106294465; 0.8170328667196711; 0.6994663821203136; 0.7228407246299926; 0.7425198466622505; 0.7240856452720675; 0.7217905095310058; 0.7013158449734738; 0.7137242163028803; 0.7323698022019427; 0.7670550139091573; 0.8164331002686929; 0.7316557426961532; 0.9053994899582787; 0.7095745510932996; 0.7062253058328515; 0.705055685702412; 0.6933565057171285; 0.7993718590804639; 0.7590148258942158; 0.7088648501198764; 0.6924757584498675; 0.7574067592362368; 0.764257042654643; 0.7220044364367705; 0.7075187292777605; 0.6975311914977187; 0.7424568012270252; 0.6678525899547406; 0.6977770018581142; 0.8405637120006528; 0.839983986675859; 0.7631471475692585; 0.8831194187106682; 0.7783512074759467; 0.7040273685697861; 0.740458319384866; 0.7299836650345565; 0.7271609336566425; 0.7360122703101043; 0.7300045464460339; 0.6918397320659002; 0.7480980942373361; 0.7826546044599665; 0.7404573531447189; 0.7880278672906147; 0.7462555673022503; 0.8742528635116407; 0.7241420258904252; 0.751597966219954; 0.7225476822877988; 0.7815373555996137; 0.8687343059331367; 0.6702232586540012; 0.7642741153686979; 0.7651187701471115; 1.0936285203011142; 0.8181675235942621; 0.8726081946354444; 1.0249617991353217; 0.9292202318159395; 1; 0.7855983426058372; 0.7311340241002545; 0.7261797118026803; 0.8559516689185895; 0.8614635142072692; 0.6646576549630552; 0.913112282029641; 0.6733252558909685; 0.7828606661504707]
