last_best_solution_function_value = 33737.55920724726
last_best_solution_integer_gene = []
last_best_solution_float_gene = [0.7752931579639115; 0.7623499352704199; 0.737882924964898; 0.8005584449931276; 0.7508943820298304; 0.885730893119295; 0.7098318978517636; 0.7286543282287237; 0.8978422458213496; 0.8329003469442307; 0.7692573950839218; 0.9356097457369693; 0.7218361920023559; 0.744381519071865; 0.7573285227835379; 0.7574528914892591; 0.7357147115614177; 0.8121724991770358; 0.7506014104311356; 0.7043447991135583; 0.7086542571796597; 0.7554558872554251; 0.7992365220233398; 0.8000824785246321; 0.7618547671000954; 0.7092668993264731; 0.6571805521375418; 0.6759554273351891; 0.7228261189573233; 0.7023600205748957; 0.6950580235294287; 0.7193989772061253; 0.9514698676424251; 0.7739662660861313; 0.7746980163562376; 0.7197278722431283; 0.7270020855400741; 0.6531840057857378; 0.7269172405224413; 0.7359357795577619; 0.7942799788671914; 0.710717456777147; 0.6702060862712249; 0.7337930986025113; 0.6811823203200299; 0.7308549932189837; 0.6872735321828709; 0.6464848255669319; 0.7680328216857315; 0.7449836393014969; 0.7046350111884355; 0.689840729489498; 0.748923893443469; 0.7917177435545707; 0.7944048876801653; 1; 0.7231584517430298; 1; 0.8656041177552583; 1; 0.8553194764138015; 1.0577063207184836; 0.9109471930778331; 0.7135700505791; 0.665221310812552; 0.9809085287988187; 0.8646384970761433; 0.7620055191814856; 1; 0.9040949328594634; 0.8490922975999431; 0.6979248943417086]
