last_best_solution_function_value = 16000956119.277922
last_best_solution_integer_gene = []
last_best_solution_float_gene = [0.770587988270554; 0.7890051946392032; 0.8866302075833922; 0.7482732816711325; 0.8491175939094158; 0.5310678420029933; 0.868991456349147; 0.840100695801893; 0.8321887273507046; 0.9138144292529526; 0.7386739116553142; 0.9127655444366352; 0.805456047615188; 0.8765625836087145; 0.8881034960604335; 0.9231344832802453; 0.673383013371072; 0.7417333046443626; 0.8185391875998573; 0.8533307663979659; 0.8118845197265033; 0.8113877738260037; 0.7992365220233398; 0.8053670669995463; 0.6444153776386451; 0.6866355572310544; 0.5045887728758315; 0.7043550366672535; 0.7228261189573233; 0.7280544479562594; 0.6923111538191656; 0.6471658547592444; 0.7980005812549804; 0.780518628334517; 0.7176656368647096; 0.7197278722431283; 0.814442151083448; 0.7961506118997662; 0.8265948436768261; 0.8018241234158295; 0.7370707393229521; 0.5462465833143357; 0.6412978071097845; 0.7883748346669275; 0.7523591834421444; 0.7308549932189837; 0.6872735321828709; 0.660118350740839; 0.8307307059822949; 0.7073587873636356; 0.6919435292286411; 0.7532580583974691; 0.748923893443469; 0.6293786282475108; 0.5706678173860569; 0.649448765005824; 0.882619986341875; 0.8590052744318579; 0.7045624959959489; 0.6674967641390985; 0.6489481722808412; 0.7330175041734881; 0.6221498762331468; 0.606003711569937; 0.8276371025799253; 0.4989439350174004; 0.822158070691364; 1.0136541039936928; 0.5320344678177523; 1.025092036193284; 0.8085197689268285; 0.7305529545288549]
