last_best_solution_function_value = 8001166004.779861
last_best_solution_integer_gene = []
last_best_solution_float_gene = [0.7752931579639115; 0.6024590310180401; 0.7502370025735973; 0.7998932040185283; 0.9098868840408483; 0.8267872555077893; 0.7743792735841333; 0.840100695801893; 0.8321887273507046; 0.9138144292529526; 0.7386739116553142; 0.9356097457369693; 0.8976545113287906; 0.8852120906303872; 0.7516514034540164; 1.0747598797658378; 0.5131896737310186; 0.7571169424421741; 0.8185391875998573; 0.7043447991135583; 0.8118845197265033; 0.8113877738260037; 0.7992365220233398; 0.8053670669995463; 0.7618547671000954; 0.6900687109723355; 0.5852402847156787; 0.7043550366672535; 0.7228261189573233; 0.5970096568957641; 0.7376950497335785; 0.5946003498363708; 0.8238770103819466; 0.7469083758196684; 0.678689636573482; 0.7197278722431283; 0.8056243466093329; 0.6531840057857378; 0.6075291789990821; 0.7818124186262287; 0.7942799788671914; 0.6331069446457999; 0.602457957167368; 0.7759708374723808; 0.6820871798903148; 0.7308549932189837; 0.7302621755186267; 0.6464848255669319; 0.7680328216857315; 0.5259455889621365; 0.6146996351689943; 0.7532580583974691; 0.748923893443469; 0.6191516043495218; 0.6758783466074314; 0.753807065190448; 0.9095528149890444; 0.8807641429485082; 0.6676033036783346; 0.6674967641390985; 0.6111755209950203; 0.7622778853347115; 0.6229014537128812; 0.846396693365363; 0.5885163581344267; 0.8331982305914377; 0.8519516161315756; 0.5862892257517931; 0.89326187215551; 0.9090355776612487; 0.7118805383175754; 0.8276894966626366]
