last_best_solution_function_value = 20002196436.324913
last_best_solution_integer_gene = []
last_best_solution_float_gene = [0.9901163165745828; 0.7710004438860492; 0.5996836663024099; 0.5984206779720592; 0.7709597621528571; 0.7806612026694063; 0.5146473400321384; 0.8845277595356058; 0.9919879855721426; 0.8024709939224732; 0.7810468916827784; 0.9647242045577263; 0.9211939732780734; 0.746173680149949; 0.6927388656535791; 0.7045470062989865; 0.9446318537769498; 0.7928291858653734; 0.7448470891196837; 0.9711483730840627; 0.7954081271292671; 0.9044558444638153; 0.6470575028568766; 0.768792398842677; 0.5610406554138897; 0.6030614880055232; 0.708430682036381; 0.6170393518690583; 0.8426818619826749; 0.9627630259220111; 0.7720241354687776; 0.892780645661218; 0.5965915780383992; 0.5939380019532119; 0.9268769421702806; 0.6255260863676797; 0.7652961109154546; 0.8602725724301521; 0.9087254791746027; 0.6277149161283181; 0.6677722087618082; 0.7381281281892966; 0.7165323839474566; 0.7626047333370976; 0.6036022446909612; 0.7508830809995897; 0.6625741226381034; 0.6806721607534607; 0.503131728564233; 0.5851881258770626; 0.6587940368051475; 0.5987231531285482; 0.8899423482616979; 0.6664776529363113; 0.6138280678495417; 0.991404638498046; 0.7669061400052466; 0.9970431170674285; 0.7835322156186566; 0.9242901994984668; 0.8116490475647938; 0.6335453451232915; 0.92083238176438; 0.8860673353327873; 0.8407339249333261; 0.7614999616320022; 0.568745241406247; 0.752747584262535; 0.724478276820494; 0.595851800025838; 0.6818785091309646; 0.8696800710155963]
