last_best_solution_function_value = 32002063391.091103
last_best_solution_integer_gene = []
last_best_solution_float_gene = [0.7752931579639115; 0.501983495975644; 0.9353659175178373; 0.7723201315173859; 0.9098868840408483; 0.8125319233004242; 0.7743792735841333; 0.8802231923669568; 0.9193927942633975; 0.9513481406021747; 0.7950940039324149; 0.9350902355578727; 0.7218361920023559; 0.7767330924755349; 0.7842338765950111; 0.780785249780805; 0.5326702127087074; 0.5563880472021867; 0.6720242122066771; 0.7847226049201261; 0.9577976735873426; 0.7387482801547066; 0.9318787450833941; 0.7254632689230942; 0.7263668994612357; 0.7280982161005733; 0.8675506419423797; 0.9441472183199879; 0.7585082940231359; 0.6885187774334663; 0.5518930640958104; 0.9630764887965513; 0.9353159016421193; 0.6304150735381564; 0.8258938288560564; 0.891354254215027; 0.8624093694138685; 0.5033444177990916; 0.5910175906531745; 0.6357935033785009; 0.7240925142850806; 0.8367692984524255; 0.6946335911869972; 0.7882615059583782; 0.7047407117837975; 0.7766979622773194; 0.6757524351261088; 0.541011399229796; 0.692656268426104; 0.7016344238072505; 0.7718307254092567; 0.9669096603791907; 0.596745103890291; 0.7354996832650964; 0.8502606806242851; 0.8478212763179592; 0.8597547172531341; 0.9648100925718475; 0.6036363373660143; 0.759859623718298; 0.998011092469159; 0.8324321052240065; 0.9072449418828763; 0.8698394679571235; 0.7110757843609379; 0.6935883860024661; 0.5078819683858864; 0.8914121295034412; 0.8103627904458222; 0.8134516095966788; 0.9687850590553385; 0.5445678442715525]
