last_best_solution_function_value = 60003019500.43405
last_best_solution_integer_gene = []
last_best_solution_float_gene = [0.7206858079687168; 0.7864940317621867; 0.7721338663501365; 0.5023358201861304; 0.8713780809644809; 0.5283988597908984; 0.5146131672641733; 0.7905501547898887; 0.6791207756150508; 0.9211233857136027; 0.6396914760382761; 0.8930859833513445; 0.5291833958299439; 0.957356985534529; 0.7421729116107567; 0.9474570821149939; 0.5168414444061351; 0.6669693189937724; 0.7425054822590541; 0.9707915605714422; 0.7514625083677207; 0.7768113420180058; 0.9766652586829945; 0.852809961144279; 0.705506929014219; 0.7910267354618383; 0.6736860222870388; 0.7883492127333243; 0.7567291099560898; 0.7691134051512366; 0.9234760512031317; 0.7671741549534579; 0.8792894725229744; 0.6155371387401622; 0.8787620763443265; 0.5986966461628668; 0.9843902501624511; 0.9182413801584359; 0.8592257528026956; 0.5065578830599242; 0.9970392483149737; 0.9481384026244524; 0.7725009884111351; 0.6147638706336074; 0.5450672003621597; 0.7533199244147386; 0.8169968270958337; 0.8866522979501595; 0.5840900410181422; 0.6498476260753596; 0.5221501515163682; 0.8592381095361639; 0.9347997610485588; 0.8701465733826488; 0.7231950251322883; 0.6359282383940403; 0.9632714096538137; 0.6326604089882861; 0.8828772000083389; 0.5991020035413779; 0.6002080412868396; 0.6082772381567311; 0.5937407425792736; 0.9924186224533533; 0.6535400895151788; 0.5813170815829778; 0.7932512188256424; 0.6563868005782285; 0.909625218802967; 0.5895309351532179; 0.9364481177713517; 0.7168190756254988]
