last_best_solution_function_value = 14000036765.929186
last_best_solution_integer_gene = [0;0;1;1;1;1;1;1;1;0]
last_best_solution_float_gene = [0.6323621030511763; 0.6880168219369363; 0.7134814331136095; 0.7073172707336381; 0.46698604814929817; 0.7665292353147115; 0.6522677350975618; 0.8367869403283901; 0.8438219038631414; 0.8617643898471613; 0.54343174001391; 0.611215489352794; 0.9228251591106724; 0.6016215494056847; 0.4386518529849681; 0.7337341160476303; 0.538696983453291; 0.7818535824704889; 0.5299832184017834; 0.7103233430187865; 0.9231564373931822; 0.6780391015058989; 0.999252808566783; 0.6404492300233022; 0.947226495309185; 0.4643979813117487; 0.8474512759463294; 0.568372938873599; 0.8150097467284902; 0.7561544178967086; 0.7422275379296119; 0.8882037219071119; 0.5584243401503167; 0.8758264092433039; 0.6600244776972388; 0.6331029025059762; 0.7204611546562362; 0.6684489646366448; 0.7453848155704947; 0.573301248968994; 0.9297495935638753; 0.4586283765558068; 0.7225667141818337; 0.9252423656084008; 0.9069494853818098; 0.727289293400629; 0.7680301762657704; 0.7072998674952946; 0.9427286389494722; 0.8105872419170097; 0.9171429819519709; 0.5444789823201741; 0.7650007651232116; 0.7017113426143027; 0.6727829029023361; 0.9142085811855193; 0.8301957429047078; 0.6964304528093834; 0.6093674451907928; 0.9348817417873673; 0.43556056782907604; 0.8270352847539624; 0.6016092972333659; 0.8669037952217076; 0.8374106606783439; 0.9329196983873862; 0.8004068341731869; 0.9509451033812725; 0.4936695074461637; 0.730228804896093; 0.8519689033772344; 0.9639024402724853]
