last_best_solution_function_value = 8001295947.252419
last_best_solution_integer_gene = []
last_best_solution_float_gene = [0.7752931579639115; 0.8284641560804294; 0.8175010382320519; 0.7723201315173859; 0.9098868840408483; 0.8125319233004242; 0.868991456349147; 0.840100695801893; 0.8321887273507046; 0.9138144292529526; 0.7386739116553142; 0.9356097457369693; 0.8976545113287906; 0.8852120906303872; 0.7516514034540164; 1.0747598797658378; 0.5131896737310186; 0.8228162328321936; 0.8185391875998573; 0.7043447991135583; 0.8118845197265033; 0.8113877738260037; 0.7992365220233398; 0.8053670669995463; 0.7618547671000954; 0.6900687109723355; 0.5852402847156787; 0.7043550366672535; 0.7228261189573233; 0.5970096568957641; 0.7376950497335785; 0.5946003498363708; 0.8238770103819466; 0.7383594530181279; 0.678689636573482; 0.7197278722431283; 0.8056243466093329; 0.6531840057857378; 0.6075291789990821; 0.7818124186262287; 0.7942799788671914; 0.6331069446457999; 0.602457957167368; 0.7759708374723808; 0.6820871798903148; 0.7308549932189837; 0.6872735321828709; 0.6464848255669319; 0.7680328216857315; 0.5259455889621365; 0.6146996351689943; 0.7532580583974691; 0.748923893443469; 0.6191516043495218; 0.6758783466074314; 0.753807065190448; 0.9095528149890444; 0.8807641429485082; 0.6676033036783346; 0.6674967641390985; 0.6111755209950203; 0.8023178762222003; 0.7467230163924882; 0.846396693365363; 0.9502304135162352; 0.7228538521427389; 0.5937423783567245; 0.7047957938168069; 0.6178550112006529; 0.8314522349714264; 1; 0.7404225615535353]
