last_best_solution_function_value = 126550.95798969269
last_best_solution_integer_gene = []
last_best_solution_float_gene = [0.6871506423273243; 0.6830232708626182; 0.7636759138539827; 0.9066857720182585; 0.6955657254643123; 0.9117779847006344; 0.705028970333014; 0.7521496780876598; 0.6975092935612235; 0.9318393271436798; 0.7148597766493087; 0.810599772082649; 0.6847093714251692; 0.7250966787103255; 0.9095254487721051; 0.8873859576506962; 0.6901691102085777; 0.7797278354589756; 0.7278024953667653; 0.9040907679487328; 0.6977926557920351; 0.7408504304786844; 0.8267084993733557; 0.6840673111764677; 0.696853862631096; 0.6733517106063804; 0.739023035490045; 0.6725512187069188; 0.7540679352578036; 0.670541552461245; 0.7164710673501304; 0.8649040217709634; 0.7687883388867964; 0.8557507582432273; 0.8950018250926604; 0.8254368385347526; 0.7920447614294699; 0.7508428520755213; 0.7323498870517346; 0.7467944033127912; 0.7982421897941254; 0.710680167288022; 0.7938055841278068; 0.8178131526729274; 0.767000023604814; 0.9055221620726069; 0.7766802613287417; 0.6811129940617265; 0.7298846842923192; 0.6874653838607108; 0.749611209184034; 0.6728219605965559; 0.8369335732965684; 0.6630736693222965; 0.6748972171813387; 0.6996779632271986; 0.911080672156159; 0.7980103688302173; 0.777282849510191; 0.7325054378783025; 0.83932875296084; 0.9597453160672882; 0.9196125994281461; 0.9752933774490535; 0.6993138530331109; 0.7627811465663541; 0.8011042733427612; 0.7422740412475819; 0.7320404319436863; 0.7481378628136814; 0.6685628211599229; 0.7233102267588782]
