last_best_solution_function_value = 426927.2844658874
last_best_solution_integer_gene = []
last_best_solution_float_gene = [0.7752931579639115; 0.7623499352704199; 0.8175010382320519; 0.9213270694915959; 0.8960002444625635; 0.8125319233004242; 0.7743792735841333; 0.7286543282287237; 0.9193927942633975; 0.7187045939841052; 0.7692573950839218; 0.9356097457369693; 0.7218361920023559; 0.744381519071865; 0.7573285227835379; 0.9966879764742896; 0.8173779550546905; 0.8228162328321936; 0.8185391875998573; 0.7043447991135583; 0.8118845197265033; 0.8113877738260037; 0.7992365220233398; 0.8053670669995463; 0.7618547671000954; 0.6900687109723355; 0.5852402847156787; 0.7043550366672535; 0.7228261189573233; 0.5970096568957641; 0.7376950497335785; 0.6785642998862413; 0.8238770103819466; 0.7495824230326356; 0.7746980163562376; 0.7197278722431283; 0.8056243466093329; 0.6531840057857378; 0.7269172405224413; 0.7818124186262287; 0.7942799788671914; 0.6331069446457999; 0.602457957167368; 0.7337930986025113; 0.650358243981354; 0.7308549932189837; 0.6872735321828709; 0.6464848255669319; 0.7680328216857315; 0.7033420083761499; 0.6146996351689943; 0.7532580583974691; 0.748923893443469; 0.7917177435545707; 0.930031128053882; 0.8566792618886979; 0.7621318028902231; 1.244465210628644; 0.8656041177552583; 0.9428820949342258; 0.7497867590310858; 1.0577063207184836; 0.9126005499986207; 0.7857204751696214; 0.6273397722030446; 0.9275270396236397; 0.922969264125633; 0.8351361003299977; 0.9665330286036126; 0.8982338954647061; 0.8490922975999431; 0.72944810673082]
